-2145910389
-2145886640
-2145463494
-2143290736
-2135753740
-2133101747
-2129264906
-2126392579
-2124164960
-2124081867
-2121384067
-2118842148
-2116198713
-2114446392
-2113420786
-2111711169
-2104851745
-2101382639
-2100287608
-2098719325
-2098516804
-2094027538
-2090470536
-2087874551
-2078917186
-2078239523
-2075546127
-2075013767
-2074876380
-2072256951
-2066149583
-2061858470
-2049386270
-2048744567
-2047251549
-2046108133
-2044401470
-2038449433
-2035159454
-2033774934
-2030939070
-2030305973
-2026315407
-2026064216
-2022139491
-2019425053
-2016637507
-2015207159
-2014766407
-2014412235
-2014041916
-2013077745
-2009324839
-2008051339
-2007276245
-2000301424
-1998315089
-1997107826
-1993148702
-1991421486
-1990936400
-1990227648
-1989183040
-1988899226
-1988521759
-1985886593
-1982558098
-1981687935
-1981617739
-1980926774
-1979469499
-1977804104
-1976823251
-1972156188
-1971782385
-1967232106
-1965138341
-1962780935
-1955959257
-1952865513
-1952168937
-1951192287
-1949624908
-1948933929
-1947300539
-1947150114
-1945508972
-1943046520
-1942774732
-1942317444
-1940402703
-1939932314
-1939372245
-1935071990
-1934443083
-1930318958
-1926902634
-1923447330
-1917440730
-1915969755
-1915283553
-1914365413
-1913475110
-1911561263
-1910496346
-1908652580
-1907542613
-1907512946
-1907119120
-1902313901
-1901541936
-1901000158
-1899684221
-1899240542
-1898341552
-1893325753
-1892509888
-1892135336
-1888220342
-1887931418
-1885755138
-1883818370
-1882818802
-1881371249
-1879818798
-1878628914
-1878045537
-1877513257
-1876567787
-1875597010
-1875313246
-1874754160
-1873618087
-1870464445
-1868337068
-1865276293
-1865248515
-1863872668
-1860971449
-1860221391
-1856370315
-1852235904
-1851989566
-1849231606
-1847607275
-1846342056
-1845902718
-1840834611
-1835899761
-1830567628
-1829124410
-1828737432
-1828059318
-1826502071
-1824163201
-1821883096
-1821468646
-1820888521
-1818571805
-1818417626
-1814480656
-1812997732
-1812822688
-1811998909
-1810881269
-1809286557
-1809110872
-1806744227
-1802507498
-1798268938
-1788865226
-1782870949
-1780596051
-1776945319
-1775678273
-1766293945
-1766174115
-1765892857
-1764236233
-1762033451
-1754412426
-1749940749
-1749125445
-1744228371
-1742223512
-1740965959
-1734798081
-1731431412
-1726411004
-1725083963
-1724759951
-1723212788
-1722101249
-1719728134
-1715803195
-1714393537
-1712688486
-1710293230
-1708896615
-1701548850
-1698628981
-1692403743
-1691511413
-1691465999
-1685505461
-1683060167
-1682615821
-1678449134
-1678025958
-1675366598
-1673058815
-1667175276
-1666590604
-1665314261
-1660638692
-1659980306
-1652859653
-1652524484
-1652220773
-1646200261
-1642050756
-1636305649
-1634361294
-1626371187
-1626266653
-1622876630
-1621725845
-1612467435
-1611302312
-1610674945
-1610362824
-1606801961
-1606665820
-1599570602
-1593513199
-1587174787
-1585393692
-1583749151
-1580623485
-1579216876
-1578024622
-1578006997
-1576202652
-1575340491
-1573738492
-1570124190
-1567789182
-1567073109
-1562560787
-1558421588
-1558124874
-1557188628
-1553854625
-1553032185
-1552675081
-1547802715
-1547341009
-1547029772
-1546849916
-1545545675
-1541275720
-1539498626
-1539467423
-1539020713
-1538133641
-1536459552
-1533890112
-1528894007
-1523736140
-1519673729
-1515694281
-1512767135
-1511044379
-1510873025
-1510632028
-1509590237
-1503773253
-1502516546
-1502215992
-1500321531
-1497509344
-1497272171
-1495635308
-1494889718
-1492999181
-1492310455
-1491080531
-1490440810
-1489063853
-1487776192
-1487734343
-1486336892
-1484987010
-1483710573
-1480495097
-1475563889
-1465867719
-1463765727
-1462727600
-1461276143
-1454888204
-1452892107
-1451055362
-1448891718
-1445789454
-1440557769
-1440504782
-1440468261
-1440332210
-1439643288
-1437803757
-1437736310
-1436294252
-1435290656
-1433519392
-1429208640
-1423466290
-1418855332
-1418524857
-1416740135
-1416507951
-1416211203
-1411289119
-1411206404
-1410876910
-1408792600
-1407663981
-1405643938
-1402415885
-1400604834
-1395754589
-1394327520
-1392840547
-1392548584
-1391505150
-1390847202
-1388418818
-1387209137
-1382879127
-1382679444
-1378370800
-1377118782
-1373540070
-1372918383
-1372229670
-1370084010
-1369662102
-1368906106
-1366464498
-1361129502
-1360626696
-1360598103
-1357258004
-1357149635
-1356535210
-1352729462
-1351734385
-1350648248
-1344921128
-1337414394
-1336595431
-1320652355
-1320248682
-1314159266
-1311647315
-1310171863
-1309317812
-1308226484
-1306911447
-1304071526
-1302131689
-1301889497
-1300070397
-1297648925
-1296459168
-1293861854
-1292407864
-1289918211
-1281584688
-1281100873
-1280731876
-1279756466
-1276833523
-1271116873
-1270698660
-1268019940
-1267549733
-1264092742
-1263698855
-1262288133
-1259989331
-1258176193
-1257318037
-1256463563
-1253623338
-1252174567
-1249276398
-1247000404
-1246839086
-1245798444
-1240543973
-1237776004
-1237068574
-1233493025
-1230888244
-1228979440
-1227407140
-1226606999
-1224721082
-1221936599
-1219630758
-1218077823
-1217451057
-1212066901
-1208683231
-1208673508
-1202225380
-1199822829
-1198671713
-1198579342
-1188950647
-1188788097
-1185834617
-1184440727
-1183439057
-1175829492
-1175551346
-1173248288
-1172201955
-1170606108
-1167908608
-1166429200
-1165423285
-1164578182
-1157819681
-1152067913
-1151989578
-1146523927
-1143729884
-1141835208
-1140140689
-1139418844
-1139350886
-1138607847
-1136578759
-1136248396
-1132643841
-1130392433
-1129945935
-1128302400
-1126520694
-1122709075
-1122640967
-1121621124
-1119870119
-1119683208
-1117284961
-1113390619
-1109216669
-1108206482
-1105936539
-1103569700
-1103190781
-1101446784
-1100826922
-1097869093
-1093936397
-1093899526
-1092129791
-1092111146
-1091988212
-1091884730
-1089970751
-1088873939
-1079364379
-1077194361
-1076656476
-1068756836
-1067670556
-1064027736
-1061401120
-1057851398
-1057586223
-1056871829
-1056298257
-1053894325
-1051244882
-1049981111
-1048946250
-1048943689
-1046544781
-1042683698
-1042301757
-1041169791
-1039084007
-1038799489
-1038427760
-1036567667
-1035269503
-1033110104
-1032909495
-1030887479
-1030518980
-1030409367
-1028866103
-1022529145
-1017807797
-1014389196
-1013020258
-1012519304
-1008597135
-1008086683
-1007817578
-999136859
-994974466
-992791274
-991224064
-987457678
-984437706
-984364112
-976978605
-974219664
-973478746
-972818118
-968522547
-967854336
-967401299
-967340846
-962019956
-959673398
-957406586
-954956024
-954656184
-954195290
-950260704
-949922095
-944845223
-943407149
-942608851
-938573777
-936864980
-936068885
-935270644
-931719519
-931048475
-925317107
-923419581
-919198476
-918948137
-909186004
-907818610
-906675262
-902392545
-902346470
-894131137
-892274284
-887845395
-886022912
-884292798
-883568068
-883270613
-880735514
-880367457
-878348304
-878196864
-874604050
-873363234
-872966110
-872178278
-870318933
-868867587
-865247766
-865033759
-862784262
-861231687
-856050677
-855246531
-854208709
-852615732
-850755184
-850210071
-848364963
-844838506
-842113353
-840919033
-836869666
-835845331
-835198636
-832367348
-830718452
-828408075
-825738948
-825114571
-825038615
-821666718
-821166893
-821081693
-820440054
-818752166
-816059057
-813992791
-813455230
-812917387
-807618788
-806714497
-805996428
-800138121
-799088637
-798682561
-797248712
-791048676
-780965948
-780568915
-778236959
-777607960
-776406472
-772311210
-768317686
-767720607
-765711099
-765084591
-764540127
-763855186
-762012017
-760830187
-760285994
-758578314
-756329176
-756242627
-754351381
-752229198
-751959922
-748930782
-746887165
-746183525
-745202104
-741821506
-738982927
-735197088
-733419527
-731970470
-727791608
-723236929
-722842633
-721626104
-721424930
-720863186
-720559310
-718875857
-718720731
-715744264
-709310404
-698727102
-696050552
-695529673
-694350086
-692544439
-692110724
-691849766
-686690023
-685897262
-685523414
-682620785
-679590350
-675384791
-675033101
-672495339
-671076222
-669174772
-669040371
-666315722
-665243851
-657988688
-656413330
-655934416
-650803413
-644987691
-644704945
-644338957
-639281139
-636984940
-636305188
-633366949
-630430283
-627200503
-621684590
-617269192
-614544294
-614069525
-613522832
-609858532
-607702389
-597732595
-593973181
-587786459
-583455500
-580545277
-579379739
-578595456
-577431991
-576708875
-576217112
-574618750
-573249317
-571041594
-570945076
-570157072
-568302198
-563222046
-562059458
-559534740
-555156973
-554489181
-551722668
-550722525
-545383393
-544247282
-543428656
-542016813
-537687088
-535516473
-529907512
-528909776
-526104050
-525984929
-525620245
-523061891
-521438719
-521344716
-519106847
-518234509
-517571301
-515747585
-515738703
-513031454
-504520684
-502672955
-502036408
-501785544
-501723857
-501602818
-498806130
-497446401
-489755393
-486737187
-485175252
-480956589
-468895780
-466717609
-461702796
-461174467
-460346884
-456086818
-453707633
-452081381
-450110441
-446754805
-445693664
-442499072
-438754106
-437838382
-433000455
-430115632
-425149915
-421814655
-417105164
-414937772
-410910402
-410245795
-409565634
-409199502
-408578195
-406247378
-405461375
-403312500
-396794119
-396717768
-395837883
-395235387
-391791710
-388461306
-388053664
-387441887
-384410145
-379487020
-379059034
-376234493
-372479144
-365566693
-363637126
-361284158
-357265425
-350470414
-348340763
-346815457
-346580459
-345023269
-344225929
-343014357
-341525852
-339244146
-336451300
-336138865
-332411907
-329509227
-329436327
-328985447
-325835814
-320946217
-320580095
-317595691
-317258161
-316621138
-312200086
-310026607
-309318647
-309282258
-308549553
-307429614
-304739286
-304484942
-303989088
-302627595
-297339279
-296676694
-294280908
-293830215
-289751714
-289266965
-287627881
-285810950
-284487357
-283083565
-281691030
-281044599
-278371935
-266489486
-264199555
-261771064
-260689379
-260367537
-255970191
-247928236
-246102830
-245097120
-242351938
-242070182
-241636470
-241635026
-241069997
-238265864
-237123805
-235164322
-234545673
-221339742
-221014961
-218148446
-217753968
-217621903
-212975171
-209654404
-208942089
-207889694
-207564655
-201109974
-199890657
-198867271
-198422950
-196835306
-196086720
-195695665
-194354518
-190221127
-187412299
-185980157
-182455452
-180718580
-178319266
-177754422
-174551952
-172846275
-170979575
-170395509
-170144277
-169346356
-169323145
-166315229
-166144269
-162537860
-162203600
-162150931
-159505073
-158216677
-156450906
-154999815
-154033664
-152025553
-147839105
-145809275
-143654417
-137870270
-137380217
-136872283
-135478198
-132528548
-131080542
-130888655
-130701354
-126021086
-122744559
-120908359
-118372092
-118244092
-116649268
-106926636
-102644471
-102254937
-102080403
-101929123
-97579314
-96699478
-96540735
-93695612
-92735914
-92077448
-91139223
-90599165
-88122504
-87837803
-87479811
-82877736
-74014341
-73167601
-72409905
-69088625
-63161233
-62244257
-61517462
-60649897
-60417561
-56578804
-52331833
-51283149
-48888163
-48564765
-43123391
-42600619
-42597081
-38777269
-38065786
-34457619
-30506555
-29660433
-29607971
-26207638
-23853338
-20720346
-20226574
-19888930
-18953170
-10022428
-4389202
-2923847
2983268
3809543
4868240
6502934
10459686
11313757
13619651
15555776
15596313
16447962
17041338
20116721
20560537
22739961
22892147
24759605
25826262
26740898
31424298
38965984
41694983
47456834
51159737
56299446
56632465
58265525
58745215
60365018
62566406
62715699
63699205
63919937
64808631
70402327
72024069
76180904
81917727
85582011
87183595
90407078
98523096
100006678
102801494
103266951
105707147
106206673
109929143
111633695
115694292
120557811
124802898
125106631
125545583
127275165
127855915
129073433
132426865
134037602
136533477
137403406
138675309
140653325
142824267
147476196
151251816
152475762
159213865
162018711
165749020
167583836
171766927
171935693
175477089
177142293
177329925
177451851
178332430
179341505
179497397
180505325
183051930
184223566
188882669
190264089
191083422
194005577
195888619
197304973
202072127
202751495
203249653
203478640
204273092
207675424
209962646
210719562
210816324
211959256
215159282
215647122
215879591
220261446
220477202
220982843
224318835
225417762
226913026
227752619
228265354
228942416
231363165
233809671
235058565
235538402
235976542
236874499
238330930
239214786
241476243
244253250
246695336
248217936
248796699
251156241
251809297
254838604
255402161
256579797
256862774
258235450
261274080
261319819
264163890
266887770
267594301
268338924
268582209
269152622
270381579
273782177
279565555
280784547
281733252
286798084
291519126
291627871
292217548
293947614
297087048
298589457
303431746
305156781
305370792
305646521
308530402
310281660
311311111
312697307
315955409
321481395
325674576
327617498
328181237
328901995
333421783
335828395
336831837
338481266
342113914
343158206
344176494
344200540
344662488
346754679
351116769
352489968
356610628
361572307
362314941
364346110
369796785
370144022
373728394
382620176
386441587
387879913
389141011
391565945
392467034
398231069
400201001
400846727
401570022
404963357
405437983
407582969
409481368
410519748
415188071
416352167
417519190
419096150
421100255
421118033
421769679
422742222
425167710
427668452
428158769
428226676
434082869
435539431
436781095
439108570
440397285
441359045
441441781
444649024
445745511
446460609
446551532
446997883
447889589
450652806
450757500
462255204
466668316
467908765
471392001
473474522
476208392
476910707
488173270
492936459
494455924
495075592
497081717
500210798
502291682
503779909
504667912
506476890
510205928
510223522
512016408
514258043
515374832
518986221
524532262
526971362
531425232
532985786
533329979
534768408
536752715
539473619
539579444
546250706
550542431
551403759
560877431
560915573
562085761
564498929
568953087
574066762
575623417
577291173
586535112
588575641
590078970
590377060
591735635
594505858
594801609
596323542
597609106
599374916
599640786
602671842
602875002
605010375
605436157
606448056
609679885
610466850
610873524
612859198
619373734
626159161
626767077
627695778
633255649
643422945
647628699
647778089
649140529
649679972
654136854
660195086
662121801
662224852
664232910
664359995
667356338
670295644
675428672
679726426
680184443
680246905
683538589
686846582
692224043
694145413
699053609
699824411
702097174
706832882
708470183
711121875
712526115
714849342
722440376
722879561
723459382
724766404
726453956
726667079
731431635
731497655
734298008
735175544
739301472
741114832
744215255
744800379
746608102
749230230
757526877
758163029
759096630
760493166
761060141
768957242
769426169
770001334
770840141
773768924
777963829
778561677
785309856
786494180
793277961
800617161
801766495
802957159
803845241
804992251
805214945
808664490
813034181
815831907
816858206
817859056
819803335
823132759
823788428
825661105
826407884
826886579
832328186
833744034
837729804
840131337
843239347
851250972
855249614
856611976
857238908
862938836
863798646
866645295
869185563
869970691
871259356
871514088
871871684
872781564
874021254
877247232
878191048
884797313
886335437
886494467
886997353
887723238
889000475
892990959
893019000
894460127
896308728
897058770
899553614
902531987
905069789
905192134
910743996
911445337
914252105
916199725
918195775
921661730
924408534
926112426
928285088
928612506
935495642
939291793
940664091
940677290
941932436
942206066
944233599
944973992
946829406
946843300
947491208
947700479
947801467
953952841
961419673
962328941
966275109
968490057
970072397
980374877
983803665
989331460
989884892
991089130
992572553
993182945
999242663
1001976897
1004183938
1007556305
1007853943
1009088022
1010418621
1012808755
1013855134
1015182669
1018993386
1019039314
1022770178
1024131100
1024300589
1027556089
1031329047
1031942096
1038135246
1041412411
1042612012
1045999463
1051323259
1055277351
1056583948
1056842627
1057057057
1058938111
1060960655
1063144429
1063355836
1065515735
1067661470
1067774549
1069434737
1071601357
1073723448
1076355182
1082039413
1082433419
1085139723
1085981635
1090566755
1091149877
1091760067
1093648137
1096714520
1096896483
1097116381
1097497880
1097944255
1098501648
1101238811
1104528837
1105588034
1107114225
1108580232
1111002994
1111448523
1115588494
1116036505
1116238253
1116562033
1116639252
1119001610
1124738100
1125373464
1127941056
1129180635
1129216781
1129525843
1129605610
1131571373
1134009843
1134789947
1134791912
1137764975
1138096600
1139771914
1140999339
1143763446
1143940639
1146256233
1151725240
1152764754
1154229065
1154951536
1157076752
1162193838
1162447253
1163298937
1165663487
1171603231
1173992272
1175303210
1176242959
1181617154
1183944227
1186825298
1187188046
1190136605
1191484434
1193428217
1193869764
1194344443
1194907145
1200575958
1200671541
1201553075
1206022251
1210260515
1216239371
1217492840
1219037133
1224293249
1225593259
1232045252
1232154435
1232755186
1234361954
1235079416
1243243431
1243696693
1245950506
1246336219
1246468836
1253430614
1254273825
1256656789
1262412136
1263876626
1275263229
1276551001
1277192599
1278434098
1280395858
1280938441
1282958070
1284619186
1284973593
1285351505
1286833445
1291862412
1294501312
1294685494
1296622114
1296744773
1301165461
1301353831
1302915965
1303938821
1304120731
1305378304
1307368755
1316528246
1318135666
1320026865
1322186882
1322228515
1322326462
1323701668
1323885820
1324550524
1328656293
1328835015
1334892124
1335617765
1346276707
1349350917
1352083364
1355696873
1359042374
1361422377
1365504715
1373597071
1376676412
1380062693
1380372041
1384407258
1386759999
1389261169
1391724023
1394716127
1394808590
1397850344
1401253851
1402621906
1403374750
1406171664
1407445843
1407458418
1408025282
1410547389
1410943290
1412713207
1415008082
1421026906
1422453786
1428017573
1431442152
1433823701
1434812930
1437825010
1438529570
1442279358
1442534704
1443907856
1445975273
1448699660
1458141992
1458870108
1459201711
1464203876
1464808710
1465744550
1466704646
1467280777
1478413981
1479434575
1480565088
1480978284
1490003578
1490034845
1492817511
1493848278
1494354582
1498326252
1500443725
1501016197
1509518994
1510543024
1511160640
1511608997
1518383620
1519018870
1519740944
1520371518
1525856114
1528002862
1534035578
1535425789
1536231085
1548804006
1551024968
1551367142
1552144074
1552213789
1552921113
1555341195
1556222184
1556337677
1557870829
1571470518
1573180595
1574643079
1575306842
1578246112
1580202494
1580559118
1583419672
1584196159
1584485140
1585271267
1587068288
1587155696
1587446822
1589884629
1592243703
1592448914
1595595805
1597127019
1602315997
1608843005
1611167600
1612184468
1614621234
1614873634
1614954127
1615707026
1623169645
1625005927
1628285659
1628396750
1629670901
1635138742
1639092370
1642121763
1652405458
1653095722
1656035158
1657737632
1658035420
1659792484
1664685958
1665770033
1666203460
1671584459
1678903509
1680197806
1681252659
1684537192
1685226056
1685855594
1686211010
1691981097
1692035841
1693698380
1703102456
1703528201
1704316593
1705850304
1714056933
1723066562
1724251991
1726895964
1728045507
1728444611
1734376445
1736735008
1738221535
1738665930
1742771747
1747519975
1748417633
1749637777
1751031061
1752581655
1753355760
1753846890
1754593609
1755409555
1761896256
1777341737
1777673917
1779278097
1782110223
1782121912
1786330460
1788495853
1788905923
1790949193
1801291869
1803756636
1805809628
1807279404
1807926978
1817855303
1818168657
1820034773
1823146782
1825646404
1827840602
1829493896
1830314062
1830362894
1832851096
1836985884
1838520263
1841509146
1846378007
1848817746
1848871558
1853783982
1854586869
1858922170
1861397490
1862476367
1863650092
1864323512
1865038436
1865844154
1866430202
1871184493
1871755139
1872321529
1875167958
1876404817
1877262781
1879237298
1881441957
1883664133
1884730503
1885681029
1890128569
1896594146
1897390832
1899249268
1899505517
1901799279
1902207349
1904696679
1904898065
1904965769
1905657469
1910595460
1913868255
1913935996
1917827775
1919776203
1921809484
1922622044
1924487211
1928244763
1928480249
1930090451
1931971844
1938936991
1938966668
1939552315
1939784466
1941345485
1941438874
1945131324
1945686663
1946066341
1947926073
1948062717
1950919718
1951381082
1951431616
1952295104
1953038827
1955182497
1956711191
1957338289
1958800408
1972062118
1972652850
1975468828
1975971252
1978230478
1978435416
1978457788
1987361411
1987655240
1988241962
1993392309
1994067521
1995561937
1995580147
2000855959
2001424135
2002903165
2003261612
2003899810
2009291578
2012362362
2014303412
2018855298
2019221430
2019251344
2022528581
2023019888
2024582220
2025654196
2029095999
2030475141
2031693381
2034109191
2036438703
2038125247
2041063047
2041451239
2044164800
2053936066
2055869973
2059086871
2061637391
2063151858
2066741278
2066781312
2073228210
2073856110
2074714955
2078126852
2078172560
2078819759
2080527779
2081954610
2084044432
2086630413
2088633858
2091117761
2092544724
2095340089
2095823728
2096041822
2098624156
2107984310
2108815224
2110779908
2112982899
2117385517
2119284487
2121469081
2126775190
2130100000
2130908821
2135424926
2137557270
2140732342
2143408247
2144619575
2146863737
2147204365
