8925
8926
464
8927
8928
8929
8467
8487
8930
8931
8932
8933
8934
8462
8471
8935
8936
8937
8938
8939
8940
8847
8941
8942
8476
8943
8944
8945
8946
8947
8192
3974
8948
8949
8950
8951
8952
8953
8954
8955
8956
8957
8958
8493
8959
8960
1612
8961
8962
8963
8964
8965
8465
8966
8967
8968
8969
8970
8971
8972
8973
8974
8975
8976
8977
8978
8618
8979
2019
8980
8490
842
8981
8593
8982
814
8983
8488
8984
8985
8986
8987
8988
8989
8990
8513
8991
8992
8993
8994
8995
8500
2433
8996
8543
8997
8477
8998
8999
9000
8594
408
9001
4492
3504
4091
9002
9003
9004
9005
9006
9007
9008
9009
9010
8483
9011
9012
9013
9014
2928
9015
8480
9016
9017
8910
9018
9019
9020
9021
9022
9023
9024
9025
4579
9026
4334
9027
8489
9028
9029
9030
8695
9031
9032
1696
5830
9033
938
9034
9035
9036
9037
9038
9039
9040
9041
9042
6212
9043
9044
9045
9046
9047
9048
9049
9050
9051
9052
9053
9054
9055
9056
9057
9058
2844
9059
1728
9060
9061
8676
9062
9063
9064
9065
9066
9067
9068
9069
9070
9071
9072
9073
9074
9075
9076
2458
9077
9078
9079
832
9080
6087
9081
9082
9083
9084
9085
9086
9087
8839
9088
4828
8575
9089
9090
9091
9092
9093
9094
9095
9096
9097
9098
1665
9099
2932
9100
9101
9102
9103
9104
9105
9106
9107
9108
5244
9109
9110
9111
9112
9113
9114
9115
9116
9117
9118
2908
4813
9119
9120
4329
9121
9122
9123
9124
9125
9126
9127
9128
9129
9130
9131
9132
5307
1921
5854
9133
9134
5702
1634
9135
9136
9137
9138
9139
9140
9141
9142
9143
9144
9145
9146
2726
9147
8582
9148
9149
9150
9151
5091
9152
9153
9154
9155
9156
9157
8699
5306
9158
9159
3999
1343
8636
9160
9161
9162
9163
9164
9165
9166
1779
8598
9167
8846
9168
9169
9170
9171
9172
9173
9174
9175
9176
9177
9178
9179
9180
9181
9182
9183
9184
9185
2699
9186
9187
8201
3714
4842
9188
9189
888
9190
9191
9192
8486
9193
9194
9195
9196
9197
9198
9199
9200
9201
9202
9203
9204
8524
3510
9205
9206
9207
9208
9209
9210
445
9211
9212
9213
9214
9215
9216
9217
8388
9218
8516
9219
9220
9221
5105
9222
9223
9224
9225
8587
1799
9226
9227
9228
9229
467
9230
9231
9232
9233
9234
9235
9236
9237
9238
9239
9240
9241
9242
9243
9244
152
9245
9246
9247
9248
9249
9250
9251
9252
3462
8655
9253
9254
9255
5422
9256
3601
9257
5673
9258
9259
9260
9261
9262
9263
9264
9265
9266
6292
9267
9268
9269
9270
9271
9272
9273
9274
9275
9276
9277
9278
9279
9280
9281
9282
9283
9284
9285
9286
9287
9288
9289
9290
9291
9292
2962
9293
3032
9294
9295
9296
9297
5153
9298
9299
9300
3996
1273
9301
9302
5074
9303
9304
9305
9306
9307
9308
9309
9310
3511
9311
9312
9313
9314
9315
181
4392
9316
9317
9318
9319
9320
9321
5157
9322
1773
9323
9324
9325
9326
9327
9328
9329
9330
9331
9332
9333
9334
9335
9336
9337
9338
9339
386
9340
4606
9341
9342
9343
9344
8522
9345
9346
9347
9348
9349
9350
8752
9351
9352
9353
9354
5633
9355
9356
9357
9358
9359
9360
9361
9362
9363
5389
9364
9365
9366
9367
9368
9369
9370
9371
9372
1801
9373
9374
9375
9376
4697
9377
9378
9379
1140
2927
1186
9380
8632
9381
9382
5141
9383
9384
8574
1832
4631
9385
4333
8584
5968
9386
9387
9388
1215
9389
9390
8907
9391
9392
9393
9394
9395
9396
9397
9398
1545
9399
8523
9400
9401
9402
9403
9404
8915
9405
9406
9407
4904
5073
9408
9409
9410
4491
9411
4160
9412
9413
9414
9415
9416
9417
9418
4284
9419
9420
9421
9422
9423
9424
9425
4180
9426
9427
9428
9429
9430
9431
9432
9433
4765
9434
9435
9436
9437
9438
8482
9439
9440
9441
9442
139
9443
9444
9445
9446
9447
9448
9449
9450
9451
8312
9452
9453
9454
9455
9456
9457
1897
5125
9458
9459
8717
9460
9461
9462
9463
2340
9464
9465
2695
9466
9467
4825
9468
9469
9470
8687
9471
9472
9473
9474
789
9475
9476
9477
9478
9479
9480
9481
9482
9483
9484
4179
4823
9485
9486
9487
9488
8744
9489
9490
9491
232
9492
9493
9494
9495
9496
9497
9498
9499
9500
5310
9501
9502
9503
9504
9505
9506
9507
911
9508
9509
8343
9510
8607
9511
8576
9512
9513
3641
9514
4335
404
9515
2627
9516
9517
9518
9519
9520
5121
9521
9522
9523
9524
9525
9526
9527
9528
9529
9530
9531
9532
5918
8387
9533
9534
9535
9536
9537
9538
9539
9540
9541
9542
2914
9543
9544
9545
1421
9546
9547
9548
9549
9550
9551
9552
9553
9554
3355
9555
9556
9557
9558
5861
8400
9559
9560
9561
9562
9563
928
9564
8671
9565
9566
9567
9568
9569
9570
9571
9572
9573
8338
9574
8570
9575
9576
9577
9578
8307
9579
9580
4093
9581
9582
9583
8855
9584
9585
9586
9587
8412
9588
9589
9590
9591
5175
9592
9593
9594
9595
9596
1213
9597
9598
5700
9599
9600
9601
9602
9603
9604
9605
9606
9607
9608
9609
9610
9611
9612
6231
9613
9614
1231
9615
9616
9617
9618
9619
1223
8551
9620
9621
9622
9623
9624
9625
9626
9627
9628
9629
9630
9631
8809
9632
9633
502
9634
8563
9635
9636
9637
9638
1805
2316
9639
9640
1734
9641
9642
9643
9644
9645
9646
9647
4571
2392
9648
1821
9649
9650
5639
9651
9652
9653
1262
9654
8690
9655
9656
9657
9658
423
9659
9660
9661
9662
9663
9664
9665
5877
9666
9667
9668
9669
9670
9671
9672
9673
9674
8227
9675
9676
9677
9678
9679
9680
9681
9682
2218
8304
9683
9684
9685
9686
9687
9688
9689
9690
9691
9692
9693
9694
4418
9695
8219
9696
8882
9697
155
9698
9699
9700
8784
9701
9702
9703
9704
9705
9706
1064
9707
9708
5020
9709
9710
9711
9712
9713
3351
9714
9715
9716
9717
727
9718
9719
9720
9721
9722
8208
5142
1228
9723
9724
9725
9726
485
9727
9728
9729
9730
9731
9732
5313
9733
9734
9735
9736
9737
9738
1057
9739
334
9740
9741
9742
756
9743
9744
8346
9745
9746
9747
9748
9749
9750
9751
9752
9753
9754
9755
8217
996
3384
189
9756
77
9757
9758
9759
9760
9761
9762
8385
9763
9764
9765
9766
9767
9768
9769
9770
4739
9771
495
9772
9773
9774
9775
9776
8509
9777
9778
9779
9780
9781
2684
9782
9783
9784
9785
9786
9787
6074
9788
9789
9790
9791
8672
9792
9793
9794
9795
9796
9797
9798
9799
8771
9800
3604
5260
2374
9801
8546
9802
9803
9804
9805
9806
9807
9808
9809
9810
9811
9812
9813
9814
9815
9816
9817
9818
9819
9820
9821
9822
9823
9824
8921
9825
9826
9827
9828
9829
9830
9831
9832
9833
9834
9835
9836
9837
9838
9839
9840
9841
9842
9843
9844
9845
9846
9847
9848
9849
9850
9851
1795
9852
9853
9854
9855
9856
9857
9858
9859
5692
9860
9861
9862
9863
9864
9865
9866
9867
9868
9869
9870
9871
9872
9873
9874
9875
9876
9877
9878
9879
9880
5615
1391
9881
9882
9883
9884
9885
730
9886
9887
9888
9889
9890
9891
9892
9893
9894
9895
9896
9897
9898
9899
9900
9901
9902
9903
9904
9905
9906
9907
8510
9908
9909
9910
9911
6131
9912
6228
4336
9913
9914
8667
5703
9915
9916
9917
9918
9919
3340
9920
9921
9922
9923
9924
5806
9925
9926
9927
9928
9929
9930
9931
9932
9933
9934
9935
9936
9937
9938
9939
9940
9941
9942
415
6395
9943
9944
9945
9946
9947
9948
9949
9950
9951
9952
9953
9954
9955
9956
9957
9958
9959
9960
9961
9962
9963
9964
9965
9966
5855
9967
9968
9969
8306
9970
9971
2623
9972
3343
9973
5891
140
9974
9975
9976
9977
5666
9978
9979
9980
9981
9982
9983
9984
9985
9986
9987
8230
9988
9989
9990
9991
1056
9992
9993
9994
9995
9996
9997
9998
9999
10000
10001
10002
10003
10004
10005
10006
10007
10008
204
10009
10010
10011
8283
4094
10012
10013
10014
10015
10016
332
10017
10018
10019
10020
10021
10022
10023
10024
10025
10026
10027
10028
10029
10030
10031
10032
10033
859
10034
10035
10036
5026
10037
10038
10039
10040
10041
10042
8255
10043
10044
10045
10046
10047
10048
10049
10050
10051
10052
10053
5903
10054
1711
4088
10055
10056
10057
10058
10059
10060
10061
10062
10063
10064
10065
10066
10067
10068
10069
10070
10071
10072
10073
10074
10075
691
10076
10077
10078
5964
10079
10080
3474
10081
10082
10083
10084
10085
3443
10086
10087
10088
8654
10089
10090
8804
10091
10092
10093
10094
4745
10095
10096
10097
10098
10099
10100
10101
10102
10103
10104
10105
10106
8351
10107
94
10108
10109
8677
1460
10110
10111
10112
10113
10114
10115
10116
10117
10118
8649
10119
4387
10120
10121
193
10122
10123
8289
10124
10125
10126
10127
10128
10129
10130
10131
4412
10132
10133
10134
10135
10136
10137
10138
10139
10140
5000
8820
10141
10142
10143
10144
10145
10146
10147
10148
10149
10150
10151
6836
10152
10153
10154
10155
10156
6735
10157
10158
10159
10160
10161
10162
10163
10164
10165
10166
4593
10167
10168
8726
10169
10170
10171
4814
10172
10173
10174
10175
1178
10176
10177
10178
10179
10180
10181
6136
10182
10183
10184
10185
10186
5958
2921
10187
10188
10189
1456
10190
10191
10192
10193
10194
10195
10196
10197
10198
10199
10200
10201
10202
10203
10204
10205
10206
190
10207
10208
10209
10210
5165
10211
10212
8344
10213
10214
10215
8235
10216
8541
10217
8595
8556
10218
10219
2998
10220
8808
10221
10222
10223
10224
10225
10226
684
10227
10228
8236
10229
8273
10230
10231
10232
6140
1105
10233
10234
10235
2308
10236
10237
10238
10239
10240
10241
10242
10243
10244
10245
10246
10247
4999
10248
10249
10250
10251
10252
5161
10253
10254
1418
7458
70
10255
10256
1284
10257
10258
10259
10260
10261
10262
10263
10264
10265
10266
10267
10268
10269
10270
10271
10272
10273
10274
7880
10275
1429
10276
8349
10277
10278
10279
8297
10280
10281
10282
5284
10283
10284
10285
440
10286
10287
10288
10289
10290
10291
10292
10293
10294
10295
10296
10297
10298
10299
10300
10301
10302
8799
10303
473
8386
10304
10305
10306
10307
10308
10309
10310
10311
10312
10313
10314
10315
10316
10317
10318
10319
10320
10321
4988
10322
8246
1396
10323
10324
1768
10325
10326
6221
10327
10328
10329
4789
10330
4897
5993
10331
10332
10333
10334
10335
10336
10337
10338
10339
10340
3995
10341
10342
10343
10344
10345
10346
10347
10348
10349
10350
10351
940
10352
10353
10354
10355
10356
10357
497
10358
10359
10360
10361
10362
6549
10363
10364
10365
10366
10367
10368
775
10369
1022
10370
4962
10371
10372
10373
10374
10375
10376
10377
156
5901
10378
10379
10380
10381
10382
10383
8319
10384
10385
482
10386
10387
10388
10389
10390
10391
10392
1240
10393
8401
10394
10395
5483
10396
8027
6229
10397
10398
10399
10400
10401
10402
10403
10404
8633
10405
10406
10407
10408
10409
1394
10410
10411
10412
1164
10413
10414
10415
10416
10417
10418
10419
10420
10421
10422
10423
8397
10424
10425
10426
10427
10428
10429
10430
10431
10432
10433
10434
8428
10435
10436
10437
4843
4165
1891
10438
10439
10440
10441
10442
10443
10444
10445
10446
10447
5704
10448
10449
950
10450
10451
10452
10453
10454
5933
10455
10456
2195
10457
4798
10458
10459
10460
10461
4561
10462
4693
10463
10464
10465
8562
10466
10467
10468
10469
8018
10470
10471
10472
10473
10474
10475
2317
10476
10477
8629
10478
5207
10479
10480
10481
10482
10483
10484
10485
7340
10486
10487
10488
10489
10490
10491
8470
10492
10493
10494
10495
10496
10497
10498
10499
10500
10501
10502
10503
10504
10505
10506
10507
10508
10509
10510
10511
10512
10513
10514
10515
746
10516
10517
5701
10518
10519
10520
10521
10522
10523
10524
5110
10525
10526
10527
10528
1914
10529
10530
10531
10532
10533
10534
10535
10536
10537
10538
10539
10540
10541
5106
10542
10543
10544
10545
10546
10547
10548
10549
10550
10551
8268
10552
10553
10554
10555
10556
10557
10558
10559
6234
10560
1521
10561
1496
10562
10563
10564
10565
10566
10567
1310
10568
10569
5372
8857
10570
10571
10572
10573
10574
10575
10576
8271
10577
7071
10578
10579
10580
10581
10582
10583
10584
10585
10586
10587
10588
5693
8403
1006
10589
2274
10590
10591
10592
10593
10594
10595
10596
10597
10598
10599
10600
10601
10602
10603
10604
10605
10606
10607
10608
10609
10610
681
10611
3553
10612
10613
10614
10615
10616
10617
10618
10619
10620
10621
5757
719
10622
10623
10624
10625
5572
10626
10627
10628
10629
10630
10631
10632
10633
10634
10635
10636
10637
960
10638
10639
10640
10641
10642
10643
10644
7860
4788
10645
10646
10647
10648
3062
10649
10650
10651
10652
10653
10654
6478
10655
10656
10657
4495
10658
10659
10660
10661
10662
10663
10664
10665
10666
10667
10668
8245
10669
8807
7989
10670
10671
6125
1498
10672
10673
10674
10675
10676
10677
10678
10679
10680
7424
10681
10682
10683
10684
10685
10686
10687
10688
10689
10690
10691
119
7735
10692
10693
10694
10695
10696
8905
10697
10698
10699
10700
4804
8379
10701
10702
10703
10704
10705
10706
10707
10708
10709
10710
1354
10711
10712
10713
10714
10715
10716
10717
10718
10719
10720
3234
10721
10722
3243
10723
10724
10725
10726
10727
10728
10729
10730
10731
10732
6557
10733
10734
10735
10736
10737
10738
10739
10740
10741
10742
1210
10743
10744
10745
10746
10747
10748
10749
10750
10751
10752
10753
10754
10755
10756
10757
10758
10759
8339
10760
10761
10762
10763
10764
10765
10766
10767
10768
1268
10769
10770
10771
10772
10773
10774
10775
10776
10777
10778
10779
8436
10780
10781
10782
10783
10784
6453
10785
1923
10786
10787
10788
10789
6073
10790
10791
8318
10792
7778
1267
10793
10794
10795
10796
10797
10798
10799
10800
10801
10802
10803
10804
10805
1328
5271
10806
10807
10808
10809
10810
10811
8603
10812
10813
1974
6555
1778
10814
10815
10816
10817
4549
10818
10819
10820
7533
1375
10821
10822
10823
10824
10825
10826
10827
10828
10829
10830
10831
1710
10832
10833
10834
10835
8405
2186
10836
10837
10838
10839
10840
4513
10841
10842
10843
10844
10845
10846
10847
10848
7238
10849
10850
10851
782
10852
10853
10854
10855
10856
10857
10858
10859
10860
10861
10862
10863
10864
10865
10866
8414
10867
10868
10869
10870
10871
10872
10873
499
10874
10875
10876
5353
10877
10878
10879
10880
10881
10882
10883
10884
10885
10886
8350
10887
10888
8321
345
10889
2231
10890
10891
10892
442
10893
10894
10895
8758
10896
10897
10898
10899
10900
10901
10902
10903
10904
10905
10906
10907
10908
10909
10910
10911
10912
4942
10913
10914
8395
10915
7307
10916
10917
10918
10919
8340
10920
721
7333
10921
8803
1434
8604
5136
10922
10923
10924
8652
10925
409
10926
10927
10928
10929
10930
10931
10932
10933
734
4800
10934
10935
7657
10936
10937
10938
10939
10940
10941
6058
10942
10943
10944
10945
1137
6907
197
10946
10947
10948
10949
10950
5172
487
10951
10952
5399
10953
10954
10955
10956
10957
10958
10959
10960
10961
1116
10962
10963
10964
10965
10966
8191
10967
10968
10969
10970
10971
10972
10973
10974
10975
10976
10977
10978
10979
10980
10981
6076
6113
10982
10983
5203
10984
10985
10986
10987
10988
10989
10990
10991
10992
10993
7410
10994
10995
8317
10996
10997
10998
10999
11000
11001
11002
11003
11004
11005
11006
11007
1061
11008
11009
11010
11011
11012
11013
8302
8427
11014
11015
11016
11017
11018
11019
5072
11020
11021
11022
11023
1135
6186
11024
11025
6157
11026
11027
11028
11029
11030
11031
11032
11033
11034
11035
11036
11037
11038
11039
11040
11041
11042
11043
8394
11044
11045
11046
11047
11048
6599
11049
5200
1615
11050
11051
11052
11053
11054
11055
8261
11056
11057
11058
11059
11060
4776
11061
11062
11063
11064
8572
1222
11065
11066
11067
11068
11069
231
11070
11071
11072
11073
11074
1190
11075
11076
11077
11078
11079
11080
11081
11082
11083
8293
7198
11084
11085
11086
5051
11087
11088
11089
11090
11091
8358
11092
788
11093
11094
11095
11096
11097
414
11098
11099
11100
11101
11102
11103
11104
11105
11106
11107
11108
7975
11109
11110
11111
11112
11113
11114
11115
11116
6041
11117
11118
11119
11120
11121
11122
11123
11124
11125
11126
11127
11128
11129
11130
11131
11132
6444
11133
11134
11135
4969
3395
3411
11136
11137
11138
11139
11140
11141
11142
11143
11144
1307
11145
11146
11147
11148
11149
5147
11150
11151
11152
11153
11154
11155
11156
11157
5965
11158
11159
11160
11161
11162
11163
11164
11165
11166
11167
11168
11169
11170
11171
11172
11173
11174
11175
11176
11177
11178
11179
11180
11181
11182
11183
11184
914
8301
11185
11186
11187
11188
11189
11190
11191
11192
441
11193
11194
11195
11196
11197
11198
11199
11200
11201
11202
11203
11204
11205
11206
11207
8606
11208
11209
11210
11211
11212
11213
11214
5140
11215
2005
11216
11217
11218
11219
11220
11221
11222
11223
11224
4450
11225
11226
11227
11228
11229
714
11230
11231
11232
11233
11234
11235
192
11236
11237
11238
11239
11240
4986
11241
7543
11242
11243
11244
11245
3844
3177
11246
11247
11248
7575
11249
11250
11251
11252
11253
11254
11255
2664
11256
11257
11258
11259
11260
11261
11262
11263
11264
11265
11266
8631
11267
11268
11269
1867
687
11270
11271
11272
11273
8056
11274
11275
11276
712
716
11277
11278
11279
11280
11281
11282
11283
11284
11285
11286
11287
11288
11289
7715
11290
11291
11292
11293
11294
11295
11296
11297
11298
11299
11300
11301
11302
11303
11304
11305
11306
11307
11308
5151
11309
6238
11310
11311
11312
11313
11314
11315
11316
11317
11318
11319
11320
11321
11322
11323
11324
11325
11326
11327
11328
5075
11329
11330
11331
11332
11333
11334
2066
11335
1016
11336
11337
11338
11339
11340
11341
11342
11343
11344
11345
11346
7746
11347
11348
11349
380
11350
11351
11352
11353
11354
728
11355
11356
11357
11358
11359
11360
11361
11362
11363
11364
1264
11365
11366
11367
11368
11369
11370
11371
11372
11373
7223
11374
11375
11376
11377
11378
11379
11380
8668
11381
8565
11382
11383
11384
11385
11386
8447
11387
11388
509
8310
11389
11390
4774
11391
11392
11393
11394
11395
18
11396
6679
11397
478
11398
11399
11400
11401
11402
11403
11404
11405
11406
11407
11408
11409
11410
11411
11412
11413
11414
11415
11416
11417
11418
11419
11420
11421
11422
1305
11423
11424
11425
11426
11427
5085
11428
11429
11430
11431
11432
11433
458
11434
722
11435
4948
11436
11437
11438
11439
11440
11441
11442
11443
11444
7892
11445
4900
6758
11446
11447
1476
966
11448
6708
11449
11450
11451
5228
8420
11452
11453
11454
11455
11456
11457
11458
11459
11460
11461
11462
11463
11464
11465
11466
11467
11468
11469
11470
8391
11471
11472
11473
11474
11475
11476
11477
11478
11479
11480
2169
6075
4560
7842
11481
11482
11483
11484
11485
11486
11487
11488
11489
11490
11491
11492
11493
11494
11495
11496
11497
5115
11498
11499
11500
11501
11502
11503
11504
7039
11505
11506
11507
11508
11509
6270
11510
184
11511
8814
11512
11513
11514
11515
11516
4918
11517
11518
11519
11520
11521
11522
11523
11524
11525
11526
11527
11528
11529
11530
11531
759
11532
11533
11534
11535
11536
11537
11538
11539
11540
11541
11542
11543
11544
11545
11546
11547
11548
11549
11550
11551
11552
11553
11554
11555
3000
11556
11557
11558
11559
11560
11561
8721
11562
11563
1109
6544
11564
1341
11565
11566
11567
11568
11569
8276
11570
11571
11572
11573
11574
11575
11576
1049
11577
11578
11579
11580
11581
11582
11583
11584
11585
6325
723
3613
11586
11587
11588
11589
11590
11591
11592
11593
11594
6991
11595
11596
11597
11598
11599
11600
7907
2166
8309
11601
11602
11603
11604
11605
1699
11606
11607
11608
11609
11610
11611
11612
7819
11613
11614
11615
11616
11617
11618
11619
11620
11621
11622
11623
11624
11625
4786
11626
11627
11628
11629
11630
11631
11632
11633
8691
11634
11635
11636
11637
11638
6875
11639
11640
11641
11642
11643
8209
11644
11645
11646
11647
11648
11649
11650
11651
5190
164
11652
8357
11653
11654
11655
11656
11657
11658
11659
11660
11661
11662
11663
11664
11665
11666
11667
11668
11669
11670
11671
11672
6163
11673
11674
11675
11676
11677
11678
11679
11680
25
11681
11682
11683
11684
11685
11686
11687
11688
11689
11690
11691
11692
11693
11694
11695
4820
11696
11697
11698
11699
11700
4389
11701
11702
11703
11704
11705
11706
11707
11708
11709
11710
4882
11711
11712
11713
11714
4264
11715
8713
11716
11717
11718
8441
11719
11720
11721
11722
11723
11724
11725
11726
11727
11728
11729
8786
11730
11731
11732
11733
11734
11735
11736
11737
11738
11739
462
6593
11740
266
11741
11742
11743
11744
11745
11746
11747
1269
11748
11749
11750
11751
11752
11753
11754
11755
11756
11757
11758
11759
1039
11760
11761
11762
11763
11764
755
11765
11766
11767
11768
11769
11770
11771
11772
11773
11774
11775
11776
11777
5821
11778
11779
11780
11781
11782
6097
11783
11784
1415
11785
11786
8720
11787
11788
11789
11790
11791
11792
11793
11794
11795
11796
11797
8848
11798
11799
11800
11801
11802
11803
1916
11804
11805
11806
11807
11808
11809
11810
11811
11812
430
11813
11814
11815
11816
11817
11818
11819
11820
11821
11822
11823
11824
5435
11825
11826
11827
11828
11829
11830
11831
11832
11833
11834
11835
11836
11837
11838
11839
11840
11841
11842
11843
11844
11845
11846
11847
11848
11849
11850
11851
418
11852
11853
11854
11855
11856
11857
11858
11859
11860
8253
11861
11862
11863
11864
11865
11866
11867
11868
11869
11870
1148
8254
11871
11872
1159
5352
11873
11874
11875
11876
11877
11878
11879
11880
8185
11881
11882
11883
11884
6459
11885
11886
11887
11888
1209
11889
11890
11891
11892
11893
11894
11895
11896
11897
11898
11899
11900
11901
11902
11903
11904
11905
949
11906
11907
11908
11909
11910
11911
11912
11913
11914
11915
11916
11917
11918
11919
11920
11921
6884
11922
11923
11924
11925
8328
11926
11927
8221
11928
8222
11929
11930
11931
5907
11932
11933
5145
11934
11935
5088
11936
11937
11938
11939
11940
11941
11942
11943
11944
11945
11946
11947
11948
7981
11949
11950
11951
1233
11952
11953
11954
11955
7853
11956
11957
1003
11958
11959
11960
11961
11962
11963
786
11964
11965
11966
11967
11968
11969
4346
11970
11971
11972
11973
11974
11975
11976
11977
8728
11978
11979
11980
11981
1072
11982
11983
11984
11985
11986
11987
11988
11989
4345
11990
11991
11992
11993
5197
11994
11995
11996
11997
11998
11999
12000
12001
12002
12003
12004
12005
12006
5651
12007
12008
12009
12010
12011
12012
1021
12013
12014
12015
12016
12017
12018
12019
12020
12021
1175
12022
12023
12024
12025
8232
4076
12026
12027
12028
12029
12030
12031
12032
12033
12034
12035
7261
1329
6219
12036
12037
12038
12039
12040
7290
12041
12042
1286
12043
12044
12045
12046
12047
12048
12049
12050
12051
12052
8859
12053
12054
12055
12056
12057
12058
12059
12060
12061
12062
12063
12064
12065
717
12066
12067
12068
12069
12070
12071
12072
12073
12074
1448
12075
12076
12077
12078
7372
12079
12080
12081
12082
6309
12083
12084
12085
12086
12087
12088
12089
12090
12091
12092
12093
12094
12095
12096
12097
12098
12099
12100
12101
6353
677
12102
5171
12103
12104
87
12105
12106
12107
12108
12109
12110
12111
12112
12113
12114
12115
12116
12117
12118
12119
8147
12120
12121
12122
12123
6828
12124
12125
12126
12127
6757
12128
12129
12130
12131
12132
12133
12134
12135
12136
12137
12138
12139
12140
6877
12141
12142
12143
12144
12145
12146
12147
12148
12149
3063
6900
12150
12151
12152
12153
12154
8182
12155
12156
709
252
12157
12158
12159
1283
12160
5118
12161
12162
12163
12164
4824
12165
6446
12166
5593
12167
12168
12169
12170
12171
12172
12173
12174
12175
12176
12177
12178
12179
12180
12181
12182
12183
12184
4990
333
12185
12186
12187
12188
4797
5069
12189
12190
12191
12192
12193
12194
12195
12196
12197
12198
12199
12200
12201
12202
12203
6082
4703
8324
12204
12205
12206
12207
12208
864
12209
12210
12211
12212
12213
12214
8156
12215
12216
12217
12218
12219
12220
12221
12222
12223
12224
12225
978
12226
12227
12228
12229
12230
12231
12232
12233
12234
12235
12236
12237
12238
12239
12240
12241
12242
7063
12243
12244
12245
12246
12247
12248
12249
12250
12251
12252
12253
976
12254
12255
12256
12257
12258
12259
7019
12260
12261
12262
12263
12264
12265
12266
12267
8043
12268
12269
12270
12271
12272
12273
12274
12275
12276
12277
12278
12279
12280
12281
1433
12282
5695
12283
6961
12284
420
12285
12286
12287
12288
12289
3054
12290
12291
12292
480
12293
12294
12295
12296
12297
12298
12299
12300
12301
12302
12303
12304
12305
12306
12307
12308
12309
12310
12311
12312
12313
12314
12315
12316
12317
12318
12319
12320
12321
12322
12323
8844
8924
12324
12325
12326
12327
4769
12328
12329
12330
12331
12332
12333
12334
2566
12335
12336
12337
12338
12339
12340
12341
12342
12343
12344
12345
12346
8332
1776
710
12347
12348
12349
12350
12351
12352
12353
12354
12355
12356
12357
12358
12359
12360
12361
12362
12363
12364
12365
12366
12367
12368
7376
4512
12369
12370
12371
12372
12373
491
6731
12374
3428
12375
8299
12376
3331
12377
12378
12379
12380
1250
12381
12382
3195
12383
12384
12385
12386
4850
12387
12388
12389
12390
8334
12391
8205
12392
12393
12394
12395
12396
12397
12398
12399
12400
12401
12402
7380
12403
12404
12405
12406
12407
12408
12409
12410
12411
12412
8865
12413
12414
12415
12416
12417
12418
12419
12420
12421
12422
12423
12424
8519
12425
12426
12427
12428
6598
12429
12430
12431
12432
12433
12434
12435
12436
12437
12438
5900
12439
12440
12441
12442
12443
12444
6534
12445
12446
7419
12447
12448
8356
12449
12450
12451
12452
12453
12454
12455
12456
12457
12458
12459
6218
12460
12461
12462
12463
12464
7820
8520
12465
12466
12467
12468
12469
12470
12471
12472
12473
12474
12475
12476
12477
12478
12479
12480
12481
12482
12483
8383
12484
12485
12486
12487
6603
12488
12489
12490
12491
12492
12493
4551
12494
12495
6381
12496
12497
12498
12499
8021
12500
12501
12502
12503
12504
12505
12506
8213
12507
3192
12508
12509
12510
12511
12512
12513
7674
12514
12515
12516
12517
12518
12519
12520
12521
7087
12522
12523
12524
12525
12526
12527
12528
12529
737
12530
12531
12532
12533
12534
12535
12536
12537
12538
496
12539
12540
12541
12542
12543
12544
12545
12546
12547
12548
12549
12550
12551
7948
5582
12552
12553
12554
7551
12555
12556
12557
12558
6324
12559
12560
12561
12562
12563
12564
12565
12566
12567
12568
12569
12570
12571
7722
12572
12573
12574
12575
12576
12577
12578
12579
12580
12581
12582
12583
12584
12585
12586
8202
12587
12588
12589
12590
12591
12592
12593
12594
12595
12596
12597
8352
7552
1426
1143
12598
8248
12599
12600
12601
12602
12603
12604
12605
12606
5992
12607
12608
12609
12610
12611
12612
12613
12614
175
12615
12616
12617
12618
4181
12619
12620
12621
12622
12623
8662
12624
12625
12626
12627
5006
12628
8267
12629
12630
12631
8827
12632
12633
12634
12635
12636
12637
12638
12639
12640
12641
12642
12643
7790
12644
12645
12646
12647
12648
12649
12650
12651
12652
12653
12654
12655
12656
4757
12657
12658
12659
12660
12661
12662
12663
12664
8071
6954
12665
12666
8243
12667
12668
12669
12670
4155
12671
12672
2249
12673
12674
7322
12675
12676
7355
12677
12678
12679
12680
12681
12682
12683
12684
12685
12686
12687
6518
12688
12689
12690
12691
12692
12693
12694
12695
12696
12697
12698
12699
12700
12701
12702
12703
12704
12705
12706
8262
12707
8265
12708
7560
12709
12710
12711
12712
12713
12714
1708
4588
12715
12716
12717
8698
7992
12718
4158
12719
12720
12721
12722
12723
8294
12724
12725
12726
12727
787
12728
12729
12730
12731
7916
12732
12733
4710
12734
12735
12736
12737
8002
12738
4939
12739
8583
12740
5057
12741
12742
12743
12744
465
12745
12746
44
12747
12748
12749
12750
12751
12752
12753
12754
7140
12755
12756
12757
12758
12759
7048
12760
7935
12761
12762
12763
12764
12765
12766
820
469
12767
6356
12768
7365
12769
12770
12771
12772
12773
12774
12775
12776
12777
12778
12779
12780
8251
12781
12782
12783
12784
12785
1180
12786
12787
12788
12789
4863
12790
12791
12792
12793
12794
12795
12796
12797
12798
12799
12800
12801
1241
12802
8790
12803
12804
12805
12806
12807
12808
12809
12810
12811
660
12812
12813
12814
12815
12816
7739
7106
12817
12818
12819
12820
12821
12822
12823
12824
8241
12825
12826
1214
12827
1422
12828
12829
12830
12831
26
12832
12833
12834
12835
12836
12837
12838
12839
12840
12841
12842
12843
12844
8231
12845
12846
3053
12847
12848
6513
12849
12850
12851
12852
12853
4989
12854
12855
12856
8240
8107
12857
12858
12859
12860
6927
12861
12862
12863
12864
12865
12866
12867
12868
12869
12870
8316
12871
12872
12873
12874
12875
12876
12877
12878
12879
12880
12881
12882
12883
12884
387
12885
12886
12887
12888
12889
12890
6308
12891
12892
12893
12894
12895
12896
12897
12898
12899
12900
12901
12902
6852
12903
12904
12905
12906
12907
7315
12908
12909
12910
12911
12912
12913
12914
12915
12916
12917
12918
12919
12920
12921
12922
12923
12924
12925
12926
12927
12928
8716
12929
8798
12930
12931
12932
12933
12934
6327
12935
12936
12937
5070
12938
12939
12940
12941
12942
7592
12943
12944
12945
12946
12947
12948
12949
12950
12951
5005
5130
12952
12953
672
12954
12955
12956
12957
12958
12959
12960
12961
5173
12962
12963
8376
12964
12965
12966
12967
12968
12969
12970
12971
5120
12972
12973
12974
6464
12975
12976
12977
12978
12979
12980
12981
8068
12982
12983
12984
12985
12986
3620
12987
12988
7107
12989
12990
12991
12992
7214
12993
12994
12995
12996
8320
12997
12998
12999
13000
13001
1723
13002
13003
13004
13005
13006
13007
13008
7774
13009
13010
13011
13012
13013
13014
13015
13016
13017
13018
13019
13020
1153
13021
13022
13023
13024
13025
6311
8223
13026
13027
13028
8203
13029
13030
13031
13032
6474
13033
13034
13035
13036
13037
13038
7229
8402
13039
19
7206
13040
13041
13042
692
1325
13043
7305
7516
13044
13045
13046
13047
13048
13049
13050
13051
13052
6155
13053
13054
13055
13056
13057
13058
13059
13060
13061
6728
13062
13063
13064
13065
5124
13066
13067
13068
13069
13070
13071
13072
13073
13074
13075
13076
13077
13078
13079
13080
13081
13082
13083
13084
8315
7944
13085
13086
13087
13088
13089
13090
457
13091
13092
13093
13094
8342
13095
13096
13097
13098
13099
13100
13101
13102
447
13103
8095
13104
13105
13106
5351
7201
13107
7032
13108
13109
13110
8084
13111
13112
13113
13114
13115
13116
13117
13118
904
13119
13120
13121
13122
13123
8303
13124
13125
13126
13127
13128
13129
2564
13130
8280
13131
13132
13133
13134
13135
5071
7776
7970
13136
13137
13138
1219
13139
13140
13141
13142
13143
13144
13145
13146
13147
13148
13149
13150
13151
6426
8585
13152
13153
13154
13155
13156
13157
13158
13159
13160
13161
13162
13163
13164
13165
13166
6642
13167
13168
13169
1191
13170
13171
13172
13173
4950
13174
13175
13176
1227
13177
13178
13179
13180
13181
13182
13183
479
13184
13185
13186
13187
13188
13189
13190
13191
13192
13193
13194
13195
13196
13197
13198
13199
13200
8360
13201
481
7621
8434
13202
13203
13204
13205
434
13206
13207
8682
13208
13209
13210
13211
13212
13213
1087
13214
13215
13216
6236
6715
13217
13218
13219
13220
6501
6486
13221
13222
13223
13224
13225
13226
13227
13228
13229
13230
13231
8341
13232
4553
13233
13234
8559
4420
13235
1246
13236
7370
13237
13238
13239
13240
7072
13241
13242
13243
13244
13245
4795
13246
13247
1167
6548
13248
6651
13249
13250
13251
13252
13253
13254
13255
13256
13257
8555
13258
13259
5319
13260
13261
13262
13263
13264
13265
13266
13267
13268
7058
13269
398
13270
13271
13272
13273
13274
13275
7872
13276
13277
6718
13278
13279
13280
13281
13282
13283
13284
13285
4781
7900
13286
13287
13288
8226
13289
13290
13291
4759
6307
13292
2247
13293
13294
13295
13296
13297
13298
13299
13300
13301
13302
13303
4808
13304
13305
13306
13307
13308
13309
13310
13311
8619
13312
13313
13314
13315
7347
13316
8880
13317
13318
13319
13320
5920
13321
13322
13323
13324
7104
13325
13326
1959
13327
13328
13329
13330
13331
13332
13333
13334
13335
13336
4747
13337
13338
13339
13340
13341
13342
13343
13344
13345
13346
13347
13348
13349
13350
13351
7949
13352
13353
13354
13355
8067
13356
13357
13358
13359
13360
13361
13362
13363
13364
7988
13365
13366
13367
13368
13369
13370
13371
1108
13372
13373
6748
13374
13375
13376
13377
13378
13379
13380
13381
6667
13382
13383
13384
13385
13386
13387
13388
1462
13389
13390
13391
13392
7796
13393
13394
13395
7826
13396
13397
1410
13398
13399
13400
13401
13402
13403
13404
13405
13406
13407
13408
13409
7673
13410
6442
7762
456
13411
13412
13413
13414
13415
13416
13417
13418
13419
13420
13421
13422
13423
13424
13425
13426
13427
13428
13429
6235
13430
13431
13432
13433
13434
13435
13436
13437
13438
13439
13440
13441
8013
5600
13442
13443
13444
13445
13446
13447
13448
6449
13449
13450
13451
13452
13453
13454
13455
13456
13457
7831
13458
13459
13460
13461
13462
13463
8375
13464
13465
8382
13466
13467
13468
8484
5292
13469
13470
13471
13472
1718
13473
13474
13475
13476
13477
13478
7946
13479
13480
13481
4763
13482
13483
13484
13485
13486
13487
13488
13489
13490
13491
13492
13493
13494
13495
13496
13497
13498
13499
13500
13501
13502
13503
13504
13505
13506
13507
13508
13509
5154
13510
13511
13512
13513
13514
13515
13516
13517
13518
8247
13519
13520
13521
8017
13522
7932
13523
13524
13525
13526
13527
13528
13529
13530
8740
8838
13531
13532
13533
13534
13535
13536
13537
13538
13539
13540
13541
13542
13543
13544
13545
13546
5423
13547
13548
13549
13550
13551
7257
13552
13553
13554
13555
13556
13557
13558
13559
13560
13561
13562
13563
13564
13565
13566
13567
13568
13569
13570
13571
13572
13573
13574
13575
13576
13577
13578
813
13579
7407
13580
13581
13582
13583
7471
13584
13585
13586
13587
13588
13589
13590
1253
13591
13592
8206
13593
13594
13595
13596
13597
13598
13599
13600
13601
13602
13603
13604
13605
13606
13607
13608
13609
13610
13611
13612
13613
13614
5560
13615
13616
13617
13618
13619
785
13620
13621
13622
13623
13624
13625
13626
6700
13627
13628
7302
13629
13630
13631
13632
13633
13634
13635
13636
13637
13638
13639
13640
13641
112
13642
13643
13644
13645
7274
13646
13647
13648
13649
13650
13651
13652
13653
13654
278
13655
13656
13657
13658
13659
13660
13661
13662
13663
13664
13665
13666
13667
13668
13669
13670
13671
13672
13673
13674
7578
13675
13676
13677
6433
13678
13679
8381
13680
13681
13682
1028
7591
13683
7743
13684
1527
4848
13685
13686
13687
946
13688
13689
13690
13691
13692
13693
13694
13695
13696
13697
6332
13698
13699
13700
13701
13702
4928
13703
13704
13705
13706
8433
13707
4968
13708
13709
13710
6018
13711
13712
13713
13714
13715
13716
13717
13718
13719
13720
13721
13722
13723
13724
13725
6803
13726
13727
13728
13729
13730
13731
13732
13733
13734
8024
13735
13736
13737
13738
13739
13740
13741
13742
13743
13744
13745
13746
13747
13748
13749
13750
13751
13752
13753
4801
13754
13755
13756
13757
13758
8778
13759
13760
13761
13762
6302
13763
13764
13765
7954
13766
13767
13768
13769
6432
13770
13771
675
13772
13773
13774
6895
13775
13776
13777
359
13778
13779
13780
13781
13782
13783
4565
13784
13785
13786
13787
13788
5330
6565
13789
13790
1346
13791
13792
13793
7998
13794
13795
13796
13797
7922
13798
1122
13799
7452
13800
13801
13802
13803
13804
13805
3550
13806
13807
13808
13809
13810
13811
13812
13813
13814
13815
13816
13817
13818
13819
13820
13821
13822
13823
13824
13825
13826
5824
13827
13828
6536
13829
13830
13831
13832
13833
13834
13835
13836
13837
13838
3407
4954
13839
13840
13841
13842
13843
6855
13844
7994
13845
13846
13847
4559
13848
4474
6864
13849
5001
13850
13851
13852
13853
13854
13855
13856
13857
13858
13859
13860
13861
13862
13863
13864
13865
13866
13867
13868
13869
13870
13871
13872
13873
13874
13875
13876
13877
13878
13879
514
13880
13881
13882
13883
13884
13885
13886
13887
13888
13889
7212
13890
13891
13892
13893
13894
13895
13896
13897
13898
13899
8787
13900
13901
13902
13903
13904
13905
7397
13906
13907
13908
13909
13910
6290
13911
13912
13913
13914
13915
13916
5288
13917
13918
13919
13920
13921
13922
13923
13924
13925
13926
13927
13928
13929
13930
13931
7641
13932
13933
13934
13935
13936
13937
13938
13939
13940
13941
13942
13943
13944
13945
13946
8815
13947
13948
13949
13950
13951
13952
13953
13954
13955
13956
13957
13958
6823
13959
4967
13960
13961
13962
13963
13964
13965
13966
13967
13968
13969
13970
13971
13972
13973
13974
13975
13976
13977
13978
6684
13979
13980
13981
13982
13983
13984
13985
13986
13987
6589
13988
13989
13990
13991
13992
13993
13994
13995
13996
13997
13998
13999
14000
14001
14002
8834
7960
6867
14003
14004
7921
14005
14006
14007
14008
14009
14010
14011
14012
14013
14014
14015
14016
14017
14018
14019
6316
14020
14021
14022
14023
4768
14024
14025
14026
14027
14028
7387
14029
14030
7618
6976
14031
14032
14033
1464
14034
14035
14036
14037
14038
14039
14040
8622
14041
14042
14043
14044
14045
14046
14047
14048
14049
14050
14051
14052
14053
14054
14055
7918
14056
14057
14058
14059
14060
14061
14062
14063
14064
14065
14066
14067
14068
14069
8335
14070
14071
14072
14073
4806
14074
14075
14076
14077
14078
14079
14080
14081
14082
4712
685
720
14083
14084
14085
14086
14087
14088
14089
14090
14091
14092
130
14093
14094
14095
14096
14097
5158
14098
14099
6439
14100
14101
14102
14103
14104
14105
14106
14107
14108
14109
14110
14111
14112
14113
14114
14115
14116
14117
14118
14119
14120
14121
14122
14123
14124
14125
14126
7881
14127
14128
14129
14130
6468
14131
14132
14133
14134
14135
14136
14137
14138
14139
14140
6514
14141
14142
14143
1978
14144
14145
14146
14147
14148
14149
14150
14151
14152
14153
8875
14154
14155
14156
14157
14158
14159
14160
14161
7496
14162
14163
14164
14165
14166
4568
14167
14168
14169
14170
14171
7542
14172
7443
14173
14174
6223
14175
14176
14177
14178
14179
14180
14181
14182
14183
14184
5616
14185
14186
14187
14188
14189
14190
14191
14192
14193
14194
14195
14196
14197
14198
14199
14200
14201
4416
14202
14203
14204
14205
14206
14207
14208
14209
14210
14211
14212
14213
14214
14215
14216
14217
14218
14219
14220
6657
14221
14222
14223
14224
14225
14226
6866
4396
14227
14228
14229
14230
14231
14232
14233
14234
14235
14236
14237
14238
14239
14240
14241
14242
14243
14244
7671
14245
7977
81
14246
14247
14248
14249
14250
14251
14252
6665
14253
14254
14255
5064
14256
14257
8345
8050
14258
14259
14260
14261
6529
14262
14263
14264
14265
6279
6650
7677
14266
14267
14268
14269
14270
14271
8322
14272
14273
14274
14275
14276
5691
14277
6720
14278
14279
14280
14281
14282
14283
14284
14285
14286
14287
14288
14289
14290
14291
8249
14292
14293
14294
6617
5186
6554
14295
14296
14297
14298
14299
14300
14301
14302
14303
14304
14305
14306
14307
14308
14309
14310
14311
14312
14313
14314
14315
6639
14316
14317
14318
14319
14320
14321
14322
14323
3060
14324
14325
14326
14327
14328
14329
6213
14330
14331
14332
14333
14334
14335
14336
14337
14338
14339
14340
14341
14342
14343
14344
14345
14346
14347
14348
14349
5368
14350
158
14351
14352
14353
14354
14355
8497
14356
14357
14358
14359
7987
14360
14361
14362
14363
6551
14364
14365
14366
14367
14368
5586
14369
14370
14371
14372
14373
14374
14375
14376
7044
14377
14378
14379
7080
14380
14381
14382
14383
14384
14385
14386
8872
14387
14388
14389
6658
14390
14391
14392
14393
14394
14395
14396
14397
14398
14399
14400
14401
14402
14403
14404
14405
8112
14406
14407
14408
14409
14410
14411
8290
14412
5067
14413
14414
14415
14416
14417
14418
3503
14419
14420
14421
14422
14423
14424
14425
14426
14427
7940
6429
14428
14429
14430
6648
14431
6590
14432
14433
14434
14435
6920
14436
14437
14438
14439
14440
14441
14442
14443
14444
14445
14446
14447
14448
14449
14450
14451
14452
6713
14453
14454
8635
14455
14456
7319
14457
14458
14459
14460
14461
14462
14463
14464
7698
14465
14466
14467
14468
14469
14470
14471
14472
14473
14474
8419
14475
14476
718
448
14477
14478
6559
14479
14480
14481
14482
14483
14484
14485
14486
14487
14488
14489
14490
14491
14492
14493
2114
14494
14495
14496
14497
14498
14499
14500
14501
14502
14503
14504
14505
14506
14507
14508
14509
14510
14511
14512
14513
14514
14515
14516
14517
14518
14519
14520
7577
14521
14522
14523
14524
14525
14526
14527
14528
14529
14530
14531
4849
14532
8515
14533
14534
14535
7479
7256
14536
14537
14538
14539
14540
14541
14542
14543
7047
14544
7444
1428
14545
14546
14547
14548
14549
14550
14551
14552
14553
14554
14555
14556
14557
6570
14558
14559
14560
14561
14562
14563
341
14564
14565
14566
14567
14568
14569
14570
14571
14572
14573
14574
14575
14576
14577
14578
14579
14580
14581
14582
14583
8088
14584
14585
7045
14586
14587
14588
7813
14589
14590
14591
14592
14593
14594
14595
6491
14596
14597
14598
14599
14600
14601
14602
14603
14604
14605
14606
14607
14608
14609
7526
14610
14611
715
14612
14613
14614
14615
6951
14616
14617
14618
14619
14620
14621
14622
14623
14624
6300
7897
14625
14626
14627
14628
14629
14630
14631
14632
14633
14634
14635
14636
14637
14638
14639
14640
6419
14641
14642
7688
14643
14644
14645
14646
14647
14648
7867
14649
14650
14651
14652
14653
14654
14655
14656
14657
5065
14658
14659
14660
14661
14662
14663
14664
14665
14666
14667
14668
14669
14670
14671
14672
14673
14674
14675
14676
14677
14678
14679
14680
14681
14682
14683
14684
14685
14686
14687
14688
14689
14690
14691
14692
14693
14694
8020
14695
14696
14697
14698
14699
14700
14701
14702
14703
6981
8333
1712
14704
8355
7406
14705
14706
14707
14708
14709
14710
14711
7804
14712
2509
14713
14714
14715
14716
14717
14718
14719
14720
1541
14721
6745
6571
14722
14723
14724
8577
14725
7685
14726
14727
14728
14729
14730
14731
14732
7366
14733
14734
6397
14735
8062
14736
14737
14738
14739
14740
14741
14742
14743
14744
14745
14746
14747
7109
14748
14749
8234
14750
14751
14752
14753
14754
14755
14756
14757
14758
5925
14759
14760
14761
7807
14762
14763
14764
14765
14766
14767
14768
14769
14770
14771
